321475
321475
321712
321730
321732
321735
321755
321758
321760
321774
321777
321778
321780
321781
321794
321813
321817
321818
321820
321831
321832
321833
321834
321879
321880
321887
321908
321909
321917
321933
321961
321973
321975
321988
321990
322068
322079
322088
322106
322113
322118
322201
322204
322222
322252
322319
322322
322324
322332
322348
322355
322356
322381
322407
322430
322431
322480
322492
322599
322605
322617
322625
322633
323473
323474
323487
323488
323493
323495
323524
323525
323526
323693
323696
323700
323702
323725
323727
323755
323775
323778
323790
323841
323857
323940
323980
323983
323997
324021
324022
324077
324078
324201
324202
324205
324206
324209
324237
324245
324293
324315
324318
324420
324729
324747
324764
324765
324769
324772
324785
324791
324835
324841
324846
324897
324970
324980
324997
324998
325000
325001
325022
325057
325099
325100
325101
325117
325159
325170
325172
